-1.000000,-1.000000,-1.000000
-1.000000,-1.000000,-1.000000
0.000000,0.250000,9.000000
0.250000,0.250000,8.500000
0.500000,0.250000,9.000000
0.750000,0.250000,8.500000
1.000000,0.250000,9.000000
1.250000,0.250000,6.000000
1.500000,0.250000,8.000000
1.750000,0.250000,7.000000
2.000000,0.250000,5.000000
2.250000,0.125000,128.000000
2.375000,0.250000,0.000000
2.625000,0.250000,2.000000
2.875000,0.250000,5.000000
3.125000,0.250000,6.000000
3.375000,0.125000,128.000000
3.500000,0.250000,2.000000
3.750000,0.250000,4.500000
4.000000,0.250000,6.000000
4.250000,0.250000,7.000000
4.500000,0.125000,128.000000
4.625000,0.250000,2.000000
4.875000,0.250000,9.000000
5.125000,0.250000,8.500000
-1.000000,-1.000000,-1.000000
-1.000000,-1.000000,-1.000000
0.000000,0.250000,9.000000
0.250000,0.250000,8.500000
0.500000,0.250000,9.000000
0.750000,0.250000,8.500000
1.000000,0.250000,9.000000
1.250000,0.250000,6.000000
1.500000,0.250000,8.000000
1.750000,0.250000,7.000000
2.000000,0.250000,5.000000
2.250000,0.125000,128.000000
2.375000,0.250000,0.000000
2.625000,0.250000,2.000000
2.875000,0.250000,5.000000
3.125000,0.250000,6.000000
3.375000,0.125000,128.000000
3.500000,0.250000,2.000000
3.750000,0.250000,4.500000
4.000000,0.250000,6.000000
4.250000,0.250000,7.000000
4.500000,0.125000,128.000000
4.625000,0.250000,2.000000
4.875000,0.250000,9.000000
5.125000,0.250000,8.500000
-1.000000,-1.000000,-1.000000
-1.000000,-1.000000,-1.000000
0.000000,0.250000,9.000000
0.250000,0.250000,8.500000
0.500000,0.250000,9.000000
0.750000,0.250000,8.500000
1.000000,0.250000,9.000000
1.250000,0.250000,6.000000
1.500000,0.250000,8.000000
1.750000,0.250000,7.000000
2.000000,0.250000,5.000000
2.250000,0.125000,128.000000
2.375000,0.250000,0.000000
2.625000,0.250000,2.000000
2.875000,0.250000,5.000000
3.125000,0.250000,6.000000
3.375000,0.125000,128.000000
3.500000,0.250000,2.000000
3.750000,0.250000,4.500000
4.000000,0.250000,6.000000
4.250000,0.250000,7.000000
4.500000,0.125000,128.000000
4.625000,0.250000,2.000000
4.875000,0.250000,9.000000
5.125000,0.250000,8.500000
-1.000000,-1.000000,-1.000000
-1.000000,-1.000000,-1.000000
0.000000,0.250000,9.000000
0.250000,0.250000,8.500000
0.500000,0.250000,9.000000
0.750000,0.250000,8.500000
1.000000,0.250000,9.000000
1.250000,0.250000,6.000000
1.500000,0.250000,8.000000
1.750000,0.250000,7.000000
2.000000,0.250000,5.000000
2.250000,0.125000,128.000000
2.375000,0.250000,0.000000
2.625000,0.250000,2.000000
2.875000,0.250000,5.000000
3.125000,0.250000,6.000000
3.375000,0.125000,128.000000
3.500000,0.250000,2.000000
3.750000,0.250000,4.500000
4.000000,0.250000,6.000000
4.250000,0.250000,7.000000
4.500000,0.125000,128.000000
4.625000,0.250000,2.000000
4.875000,0.250000,9.000000
5.125000,0.250000,8.500000
-1.000000,-1.000000,-1.000000
-1.000000,-1.000000,-1.000000
0.000000,0.250000,0.000000
0.250000,0.250000,1.000000
0.500000,0.250000,2.000000
0.750000,0.250000,4.000000
1.000000,0.250000,4.000000
1.250000,0.250000,5.000000
1.500000,0.250000,4.000000
1.750000,0.250000,2.000000
2.000000,0.250000,0.000000
2.250000,0.250000,1.000000
2.500000,0.250000,2.000000
2.750000,0.250000,2.000000
3.000000,0.250000,1.000000
3.250000,0.250000,0.000000
-1.000000,-1.000000,-1.000000
3.500000,0.250000,0.000000
3.750000,0.250000,1.000000
0.000000,0.250000,0.000000
0.250000,0.500000,6.000000
0.750000,0.250000,2.000000
1.000000,0.250000,2.000000
-1.000000,-1.000000,-1.000000
-1.000000,-1.000000,-1.000000
-1.000000,-1.000000,-1.000000
1.250000,0.500000,3.000000
1.750000,0.250000,2.000000
2.000000,0.500000,3.000000
2.500000,0.250000,1.000000
2.750000,0.250000,6.000000
3.000000,0.250000,6.000000
3.250000,0.250000,2.000000
3.500000,0.250000,2.000000
